2889.46128 33.90725 66.76296 -30.65257 -10.76359 6.34899 5.95022 -5.32044 0.36364 1.00859 181.78937 39.98389 12.76141 -19.91390 -15.05920 -20.79070 -4.58885 0.44046 0.84004 -2.60456 168.34699 27.26565 -60.73612 49.58602 29.00478 33.79204 -22.87376 3.38392 -3.71180 -0.56173 555.73198 -56.61842 -94.37718 32.00220 -35.06621 3.21136 -20.74341 -0.97209 -9.96000 -0.29478 541.20681 155.69978 -39.95136 103.20983 5.76917 30.72845 3.74792 -11.23842 -2.62653 0.71810 618.60766 144.49424 35.10755 -8.69340 46.24945 42.78620 8.84150 -12.74145 7.58895 -0.98015
33.90725 773.68548 -22.94645 -12.22188 11.36407 6.00220 -4.40565 -3.21875 0.91476 -0.17305 15.51295 19.44178 14.67582 9.50388 -2.60150 6.54771 9.62132 -1.61546 1.21162 -1.09908 -271.99151 -16.41278 -67.09982 -24.04436 -10.22920 13.90536 5.25214 0.03155 -2.33359 0.49515 -99.07605 54.42961 -33.10380 35.16110 -2.24604 -3.25703 6.00636 -5.19364 -1.61523 0.49182 -171.36946 75.33920 48.61686 -6.44189 7.57799 14.96853 2.87205 -0.48125 0.50852 0.57049 2.13014 -148.23473 2.70526 0.44416 13.99055 -2.21014 2.58817 3.49043 5.14477 1.48878
66.76296 -22.94645 254.89406 -5.52502 2.47190 0.46761 0.25904 0.51193 1.01543 0.20081 -39.71950 -5.51539 -7.00152 -2.61365 6.01521 -5.22008 3.17319 -1.51375 -0.73443 0.09338 -19.66430 -0.63161 45.53595 -18.12053 1.38469 5.50307 3.00982 1.90321 -1.71729 -0.99616 129.72085 -20.53091 25.74776 -26.62015 -4.05479 -0.78543 -4.45217 2.70619 -2.64031 -0.07105 -67.11475 -42.72251 12.72120 -7.82241 -11.25543 -0.52707 -0.01808 0.99318 2.06549 1.65552 -206.02949 -82.34832 -71.10754 -30.95587 -7.21029 3.80153 4.72582 -4.58454 -1.97643 0.55067
-30.65257 -12.22188 -5.52502 110.93350 -3.38740 -2.94313 -3.18140 0.02997 0.99495 -0.25163 -65.63482 -1.35583 -7.50024 2.45204 -8.34938 1.83455 2.21479 2.11248 -1.45174 -0.54064 -41.71838 -21.76193 6.24054 8.23772 0.46402 -3.25835 -0.82885 -0.06751 1.68733 1.00068 -33.17938 -9.01234 7.01288 -11.12492 2.66955 0.03702 -2.21051 -3.51764 0.49837 -0.32674 97.86780 -54.48131 -10.91029 9.83536 6.70249 -3.28988 2.91842 -0.25911 1.23515 -0.13877 61.69737 -9.42210 1.30372 -0.30959 -1.03674 -2.91959 -0.90256 -1.60901 1.61328 -0.54146
-10.76359 11.36407 2.47190 -3.38740 38.63462 0.48775 -0.03822 -0.19795 0.07930 -0.10207 5.33446 -16.40462 -12.84029 2.67364 3.84476 -3.13970 0.58384 0.59883 -0.15619 0.13131 10.82226 -3.85915 -2.48301 2.37156 -4.14959 -2.92916 0.38263 0.75096 -0.67554 -0.04078 -11.25251 -6.80896 7.94285 3.55804 -0.36895 0.01019 -0.56531 -0.33613 -0.26293 0.55161 -52.22927 8.03152 -4.15912 -7.29663 -1.26141 0.92401 0.71813 -0.63851 -0.05563 0.54589 -0.63840 -7.10622 4.12146 -8.59776 -8.44453 0.67548 0.71064 1.33535 0.09263 0.34981
6.34899 6.00220 0.46761 -2.94313 0.48775 16.51498 0.79742 -0.78719 -0.22440 0.03002 -0.06182 2.49039 10.51655 -0.77675 1.26815 0.87040 0.16851 -0.57945 -0.13379 0.05994 -4.01577 -10.24638 8.77066 1.13259 1.97091 3.11696 1.20799 0.34105 -0.31155 0.03258 2.00355 -3.82475 1.77054 3.21343 -1.52563 -0.54913 0.00050 -0.28012 -0.16309 0.39837 -27.58599 1.17619 3.78894 5.14435 -1.06094 2.09122 -0.60575 0.67235 -0.37139 0.10404 -10.34285 -2.16864 -13.47128 3.25448 -7.83973 -2.25929 1.53837 -0.16780 0.76651 0.01203
5.95022 -4.40565 0.25904 -3.18140 -0.03822 0.79742 6.37293 -0.22238 -0.01449 -0.05876 7.64974 -1.89173 -0.13830 -0.64530 0.00509 -0.05060 -0.08527 -0.19911 0.16389 0.03719 -14.62170 -1.11338 5.08732 -1.70998 1.52300 -0.26954 -0.16176 0.80037 -0.02763 0.13320 -3.67578 -5.29532 -6.75576 0.38642 -0.94764 -0.98801 -0.08659 0.19768 -0.13629 -0.15265 34.30718 -5.25193 3.62872 0.73610 -0.59150 0.11023 -0.29099 0.02246 0.09638 0.19917 9.28832 -10.19181 3.71781 -1.74570 0.07558 2.99673 1.37686 0.69263 -0.14359 -0.34047
-5.32044 -3.21875 0.51193 0.02997 -0.19795 -0.78719 -0.22238 2.51957 0.03828 0.08135 3.06972 -1.42045 0.24118 -0.25476 0.09690 -0.18329 0.24505 -0.12846 0.08602 0.13546 -0.49350 2.35833 3.14235 -0.24969 0.55514 -0.14444 0.74819 -0.45732 -0.05386 -0.09472 -6.22974 -5.74321 -0.57345 -1.32347 -2.02460 -0.01354 -0.27416 0.37830 0.08085 0.07069 10.70232 -5.46498 -3.30003 0.59003 1.45067 -0.92887 0.06606 -0.09497 -0.03204 0.05433 2.78305 -4.40972 0.54905 -2.18818 -1.19073 -0.27801 0.12620 -0.20645 0.16186 0.12997
0.36364 0.91476 1.01543 0.99495 0.07930 -0.22440 -0.01449 0.03828 0.94543 -0.03159 0.73636 -0.91342 -0.35636 0.82557 -0.33588 0.00394 -0.07065 -0.01925 0.04480 -0.04483 -1.73531 -3.40827 -0.57184 1.95038 0.01276 0.19987 0.40013 -0.03787 -0.00899 0.05451 8.21070 -0.92941 -0.57215 -0.76200 0.11304 -0.13582 0.30584 -0.08478 -0.08911 -0.14002 -7.04183 0.91200 1.34416 1.07469 -0.14032 0.37906 0.30165 -0.09129 0.00698 0.00292 11.71377 -0.92925 -1.84285 -1.39280 0.08386 0.00246 0.35608 -0.10495 -0.08134 0.05368
1.00859 -0.17305 0.20081 -0.25163 -0.10207 0.03002 -0.05876 0.08135 -0.03159 0.43481 -1.91461 -0.72485 0.48098 -0.55248 0.09056 0.17220 0.06332 0.09626 -0.04989 -0.02644 2.93500 2.24953 0.54009 0.94649 0.00835 0.34054 -0.00214 -0.07569 0.02247 0.00659 2.44462 -0.67837 1.72527 0.11891 -0.39274 -0.03389 -0.21407 0.11589 0.06061 0.01921 3.38461 -1.06658 0.53509 0.69501 -0.70182 -0.02483 0.02872 0.01634 0.01805 -0.02424 -4.08760 -3.44759 1.14379 -0.15802 0.06766 -0.42364 0.17372 0.01884 0.12844 0.07315
181.78937 15.51295 -39.71950 -65.63482 5.33446 -0.06182 7.64974 3.06972 0.73636 -1.91461 4163.65086 132.18010 -60.31217 -30.06071 0.72403 30.09927 -5.39680 -8.66090 0.61133 1.20839 645.72430 -110.56462 36.60846 33.19692 19.68208 -49.00548 -0.94405 -6.17606 -4.03509 -1.38640 419.81260 -31.29594 50.70984 79.04164 -35.93653 -48.38865 4.58149 1.68687 -1.42547 4.23605 -82.37301 -38.64765 -113.80072 81.60684 -11.10892 -1.01965 -27.84611 -1.84592 -4.29856 3.94043 -805.08771 -139.25458 -153.50777 -6.94913 -10.43002 49.34144 -17.79793 -0.15255 -8.21211 1.16840
39.98389 19.44178 -5.51539 -1.35583 -16.40462 2.49039 -1.89173 -1.42045 -0.91342 -0.72485 132.18010 884.28299 -71.15713 -30.15023 5.85183 -10.51841 10.53120 -3.06679 -1.38118 0.51419 -9.83967 -68.62994 -5.13406 -9.97974 -7.42964 -4.36997 4.17905 1.03419 3.49652 -3.81380 184.21553 -48.06649 -7.87916 6.87070 5.61697 -7.47786 2.82144 1.33523 0.15514 -1.13527 -169.32812 -55.06186 20.20806 17.06395 -3.99687 -12.56020 -7.84136 -4.13164 2.68894 -2.18515 58.22005 13.85604 56.20155 -14.04399 -4.87222 -6.70889 12.75396 3.92293 -1.33067 -0.06480
12.76141 14.67582 -7.00152 -7.50024 -12.84029 10.51655 -0.13830 0.24118 -0.35636 0.48098 -60.31217 -71.15713 291.32690 9.18623 -1.27528 3.64980 -1.41318 -0.53918 -0.01585 1.48521 16.95577 29.14099 34.46669 11.36698 -0.99873 10.27437 2.22118 -5.32866 0.40934 0.34532 -24.45500 17.35855 -25.46305 -12.23943 4.51544 3.71358 2.55433 1.69052 -1.95961 1.62086 173.87302 -9.81121 39.23456 19.56342 -0.64788 3.57612 1.82728 -0.83522 -0.97717 0.47877 127.07498 -116.71698 -16.02797 12.77466 -9.69376 -8.97968 -7.21740 -3.06308 2.55493 0.66698
-19.91390 9.50388 -2.61365 2.45204 2.67364 -0.77675 -0.64530 -0.25476 0.82557 -0.55248 -30.06071 -30.15023 9.18623 114.48990 -4.45234 -3.88287 0.50076 0.83694 0.47363 0.01079 73.57166 27.81551 5.24683 -12.31587 -8.52219 1.08629 -3.60985 -1.99557 -0.60895 -0.05238 -37.83831 -8.40249 12.09480 -14.07995 2.66875 2.48744 3.28959 -0.69815 -0.71119 -0.67617 -52.40986 55.98106 9.31513 -25.26297 4.68750 0.78544 2.68724 -2.01124 -1.18745 0.79257 38.67655 4.02493 4.26096 -3.39236 -16.05737 -3.72115 -1.06628 -0.86225 0.49769 1.08431
-15.05920 -2.60150 6.01521 -8.34938 3.84476 1.26815 0.00509 0.09690 -0.33588 0.09056 0.72403 5.85183 -1.27528 -4.45234 47.68889 -1.49643 -1.03329 1.13140 0.01379 0.02016 3.23677 -3.60316 -16.13698 3.42180 1.03055 -4.69178 0.32218 0.19397 -0.84503 -0.39664 82.95344 5.62918 6.32593 -0.49762 -3.72765 0.97022 -3.39955 0.13593 -0.34176 -0.31305 -13.55890 3.76612 11.47884 0.41039 -1.95078 -1.17466 -2.77410 -0.21287 0.37539 -0.00794 -17.73742 11.39927 -27.08010 3.46527 10.75925 -1.07586 1.85508 -0.57168 0.23702 0.67442
-20.79070 6.54771 -5.22008 1.83455 -3.13970 0.87040 -0.05060 -0.18329 0.00394 0.17220 30.09927 -10.51841 3.64980 -3.88287 -1.49643 18.40527 -1.11801 -0.36424 -0.05081 0.00946 -6.89842 -0.93531 -5.84804 4.42119 1.63783 -0.76162 -0.83232 -0.15646 -0.18212 0.03702 -2.01859 -8.18098 -7.37155 -1.63409 1.37380 0.63664 -0.97619 0.77419 0.41588 -0.21851 -37.07321 0.70852 5.91827 2.69930 -0.27983 0.63529 0.86940 0.48505 -0.61748 0.09357 6.11843 7.03600 -12.08552 10.78101 1.79961 0.90628 0.19023 -0.17098 -0.41915 0.32004
-4.58885 9.62132 3.17319 2.21479 0.58384 0.16851 -0.08527 0.24505 -0.07065 0.06332 -5.39680 10.53120 -1.41318 0.50076 -1.03329 -1.11801 8.61843 -0.11735 0.17975 0.07355 -4.50260 0.46072 1.86775 -1.09349 -0.90123 0.38015 0.34798 -0.53330 -0.31737 -0.10826 -13.45164 3.70096 7.46233 0.97102 -0.45982 -0.27570 -0.54607 -0.16691 0.24827 0.35312 -10.66921 -1.26295 -3.22853 -7.11222 0.65303 0.46377 -0.89591 0.48894 0.08122 -0.07101 5.40823 -20.69550 9.57564 1.01972 -0.16114 0.44510 -0.08020 -0.11651 -0.04316 0.02063
0.44046 -1.61546 -1.51375 2.11248 0.59883 -0.57945 -0.19911 -0.12846 -0.01925 0.09626 -8.66090 -3.06679 -0.53918 0.83694 1.13140 -0.36424 -0.11735 3.10808 -0.19874 -0.03870 24.01736 2.25322 -0.23066 0.07511 -1.35838 -1.01219 -0.50283 -0.21115 -0.08309 -0.00166 13.56941 -5.07330 2.53400 0.02056 -0.14881 0.19476 0.17719 -0.06855 0.17456 0.04616 10.39708 -1.38636 2.03751 -0.01494 -0.73601 -0.34389 -0.65064 -0.07699 -0.09158 -0.09650 14.22449 3.34175 3.90519 0.98223 0.44962 -1.32193 -0.39570 0.21370 0.18089 -0.10997
0.84004 1.21162 -0.73443 -1.45174 -0.15619 -0.13379 0.16389 0.08602 0.04480 -0.04989 0.61133 -1.38118 -0.01585 0.47363 0.01379 -0.05081 0.17975 -0.19874 1.23155 -0.00668 5.82599 -3.80766 -2.02629 -0.58011 -0.97572 0.10680 0.21601 -0.21069 -0.11428 -0.04947 -6.60421 -0.83960 -0.27568 -0.14335 0.33682 -0.04032 0.05132 0.11450 -0.11551 -0.02355 8.01878 4.50288 0.98063 -0.59851 -0.14668 -0.24790 0.54327 -0.10246 0.05200 0.15230 1.49917 -2.42553 -1.11402 -0.06561 -0.32942 -0.88569 -0.29254 -0.17280 0.06066 0.08177
-2.60456 -1.09908 0.09338 -0.54064 0.13131 0.05994 0.03719 0.13546 -0.04483 -0.02644 1.20839 0.51419 1.48521 0.01079 0.02016 0.00946 0.07355 -0.03870 -0.00668 0.47504 0.03124 -0.46429 0.60831 -0.57701 0.82066 -0.03118 0.13288 -0.02764 0.03993 -0.02780 -0.94950 1.59202 1.21028 0.27886 0.01199 0.14908 -0.08691 0.11043 -0.03515 0.00707 -2.46731 -1.58367 -1.37368 -0.61542 0.08184 0.05714 0.15111 -0.14322 0.09329 0.02269 -3.23263 0.14033 -0.30584 0.84206 0.40947 0.62752 -0.16783 -0.18896 0.08049 0.01171
168.34699 -271.99151 -19.66430 -41.71838 10.82226 -4.01577 -14.62170 -0.49350 -1.73531 2.93500 645.72430 -9.83967 16.95577 73.57166 3.23677 -6.89842 -4.50260 24.01736 5.82599 0.03124 10334.07610 7.34391 -14.18286 97.14759 -28.90368 -11.95852 0.12568 0.70666 5.84328 -0.89333 678.80408 -588.31282 -3.61981 -17.35393 -40.46543 -8.16286 -1.20760 -0.25350 -0.18629 6.03272 -4.05428 60.32762 -62.48945 171.74373 -48.89267 -5.71004 7.27837 -7.81512 -3.96622 -2.40117 411.91128 4.84939 -228.46142 -44.11755 22.23285 12.45072 -67.08680 4.80276 -2.89410 -2.69195
27.26565 -16.41278 -0.63161 -21.76193 -3.85915 -10.24638 -1.11338 2.35833 -3.40827 2.24953 -110.56462 -68.62994 29.14099 27.81551 -3.60316 -0.93531 0.46072 2.25322 -3.80766 -0.46429 7.34391 1838.58289 -11.76718 -55.78413 13.10643 4.57332 13.66073 1.87075 4.02473 2.38368 -15.91644 38.62163 33.44807 -16.47792 28.36239 5.86001 -8.46900 3.10825 8.33510 1.64402 389.65587 -71.11399 -62.29132 35.03513 30.34692 6.85496 13.60966 -6.15799 4.81324 -1.54281 -40.61553 147.48765 85.52187 3.19364 3.73282 -28.85731 -8.31227 5.54618 -1.38668 -1.13649
-60.73612 -67.09982 45.53595 6.24054 -2.48301 8.77066 5.08732 3.14235 -0.57184 0.54009 36.60846 -5.13406 34.46669 5.24683 -16.13698 -5.84804 1.86775 -0.23066 -2.02629 0.60831 -14.18286 -11.76718 690.14764 -15.65385 8.88529 10.60509 -1.67100 1.33342 1.15264 0.63496 -64.13005 68.29169 27.20831 3.44369 -17.89066 -14.92993 -0.91788 0.26531 0.22932 2.64891 226.31337 57.92166 -39.97062 -2.64107 -18.80996 4.61969 -0.99299 3.13670 -1.36486 -2.89586 -205.08977 -86.58080 3.27643 30.31278 -21.56025 0.33826 -0.61638 -0.69910 3.43540 0.30870
49.58602 -24.04436 -18.12053 8.23772 2.37156 1.13259 -1.70998 -0.24969 1.95038 0.94649 33.19692 -9.97974 11.36698 -12.31587 3.42180 4.42119 -1.09349 0.07511 -0.58011 -0.57701 97.14759 -55.78413 -15.65385 259.48600 -0.74754 -0.25417 -5.63873 -2.90831 1.59265 0.55828 -45.75339 24.64410 -18.17402 19.40419 3.34539 -1.90078 -3.72984 -1.47772 -4.51338 -0.16467 -63.64386 -65.51925 -11.48575 15.56936 -1.98302 4.75179 2.50261 -1.62765 -1.89855 0.94142 149.02517 52.86218 54.42890 4.20057 11.04898 -5.75901 -1.17925 -5.42821 -2.55496 -2.21213
29.00478 -10.22920 1.38469 0.46402 -4.14959 1.97091 1.52300 0.55514 0.01276 0.00835 19.68208 -7.42964 -0.99873 -8.52219 1.03055 1.63783 -0.90123 -1.35838 -0.97572 0.82066 -28.90368 13.10643 8.88529 -0.74754 88.40615 1.27931 1.44893 2.74157 0.38345 0.30108 18.30296 -8.16623 11.01689 3.01378 -3.83220 -0.92579 -3.15788 0.24455 0.50881 -0.20872 34.52026 -25.65292 -10.60411 -2.23201 -3.98150 3.37546 0.95845 0.37371 0.86560 1.36862 25.96184 -12.03975 -19.74698 3.61351 -6.38378 6.62419 -0.16871 -0.60275 -0.58099 1.51006
33.79204 13.90536 5.50307 -3.25835 -2.92916 3.11696 -0.26954 -0.14444 0.19987 0.34054 -49.00548 -4.36997 10.27437 1.08629 -4.69178 -0.76162 0.38015 -1.01219 0.10680 -0.03118 -11.95852 4.57332 10.60509 -0.25417 1.27931 37.52274 0.31246 0.51430 -0.65580 -0.00410 49.35904 -8.64951 -5.78230 -1.55216 -0.06097 1.81117 -0.09703 0.52961 -0.27179 -0.05554 -46.44457 13.00501 13.53920 2.19386 -0.58858 -0.06060 -0.15572 -0.29560 0.50333 0.01287 88.84252 -7.86515 -4.43751 -4.21779 -0.15749 0.05232 0.35220 -0.91135 -1.59445 -0.13764
-22.87376 5.25214 3.00982 -0.82885 0.38263 1.20799 -0.16176 0.74819 0.40013 -0.00214 -0.94405 4.17905 2.22118 -3.60985 0.32218 -0.83232 0.34798 -0.50283 0.21601 0.13288 0.12568 13.66073 -1.67100 -5.63873 1.44893 0.31246 14.92667 -0.11963 0.72327 0.24859 8.66368 -2.61209 5.24753 -2.65929 0.62968 -0.28558 0.42892 0.24705 -0.11686 -0.44980 33.63845 -11.45120 3.85270 2.61068 -1.10197 1.27985 1.38104 -0.05708 0.01817 -0.33489 -22.88063 5.06149 -8.19799 1.65237 -2.09381 -0.40794 -0.20369 1.03884 0.17789 0.40067
3.38392 0.03155 1.90321 -0.06751 0.75096 0.34105 0.80037 -0.45732 -0.03787 -0.07569 -6.17606 1.03419 -5.32866 -1.99557 0.19397 -0.15646 -0.53330 -0.21115 -0.21069 -0.02764 0.70666 1.87075 1.33342 -2.90831 2.74157 0.51430 -0.11963 7.03955 0.44046 0.06048 8.96608 -1.72580 4.52570 -0.93302 0.93176 -1.13408 -1.08031 -0.25256 -0.10033 0.17662 -21.75590 -6.56110 -0.14059 0.83230 0.16342 -0.03740 -0.22635 0.05717 -0.12282 0.06267 23.99292 -4.21382 -0.72518 -2.84532 -0.59595 0.51619 -0.40390 0.01028 0.08653 0.23545
-3.71180 -2.33359 -1.71729 1.68733 -0.67554 -0.31155 -0.02763 -0.05386 -0.00899 0.02247 -4.03509 3.49652 0.40934 -0.60895 -0.84503 -0.18212 -0.31737 -0.08309 -0.11428 0.03993 5.84328 4.02473 1.15264 1.59265 0.38345 -0.65580 0.72327 0.44046 2.45417 0.16262 -14.93801 -1.73915 -1.10290 1.84751 1.85846 -0.70183 -0.09368 -0.43710 -0.07326 -0.12198 3.16168 -3.28601 -1.07384 -0.58613 -0.22104 0.07854 0.58178 0.08764 -0.07877 0.01175 -3.29085 7.46929 3.41704 2.96080 -2.08181 -0.70234 -0.30301 0.05074 0.05306 0.07195
-0.56173 0.49515 -0.99616 1.00068 -0.04078 0.03258 0.13320 -0.09472 0.05451 0.00659 -1.38640 -3.81380 0.34532 -0.05238 -0.39664 0.03702 -0.10826 -0.00166 -0.04947 -0.02780 -0.89333 2.38368 0.63496 0.55828 0.30108 -0.00410 0.24859 0.06048 0.16262 1.14337 5.09509 6.05334 -2.04250 0.96666 0.51924 -0.05336 -0.14973 0.12512 -0.08227 0.08747 -8.98039 0.54517 -1.24519 -0.55505 -0.35978 -0.55402 0.34657 0.06347 -0.04365 0.02375 7.39792 2.01110 1.89930 -1.79120 0.65153 -0.25544 0.01297 0.04320 0.03109 -0.00811
555.73198 -99.07605 129.72085 -33.17938 -11.25251 2.00355 -3.67578 -6.22974 8.21070 2.44462 419.81260 184.21553 -24.45500 -37.83831 82.95344 -2.01859 -13.45164 13.56941 -6.60421 -0.94950 678.80408 -15.91644 -64.13005 -45.75339 18.30296 49.35904 8.66368 8.96608 -14.93801 5.09509 9488.15950 -170.33900 73.23954 -8.30089 12.59256 13.96665 5.42806 10.60315 -3.27319 -1.81668 -60.15803 -274.89127 276.64545 -127.60018 44.22084 0.08321 1.65755 -13.33480 12.40979 4.40952 551.74339 -203.25251 -219.64939 -34.61178 70.70297 29.96087 -49.53827 3.93489 -9.09931 5.40709
-56.61842 54.42961 -20.53091 -9.01234 -6.80896 -3.82475 -5.29532 -5.74321 -0.92941 -0.67837 -31.29594 -48.06649 17.35855 -8.40249 5.62918 -8.18098 3.70096 -5.07330 -0.83960 1.59202 -588.31282 38.62163 68.29169 24.64410 -8.16623 -8.64951 -2.61209 -1.72580 -1.73915 6.05334 -170.33900 1771.48164 -102.71814 37.13947 1.05092 -26.79486 12.00218 -6.13709 -2.26860 0.96421 -99.41682 -51.41642 -107.64341 -118.00769 -1.57556 -18.17334 -4.74597 -5.43002 3.00695 1.69417 -178.81029 -68.17252 56.23276 11.25819 22.40736 4.82931 17.47501 -4.16369 1.97450 -4.36084
-94.37718 -33.10380 25.74776 7.01288 7.94285 1.77054 -6.75576 -0.57345 -0.57215 1.72527 50.70984 -7.87916 -25.46305 12.09480 6.32593 -7.37155 7.46233 2.53400 -0.27568 1.21028 -3.61981 33.44807 27.20831 -18.17402 11.01689 -5.78230 5.24753 4.52570 -1.10290 -2.04250 73.23954 -102.71814 541.94028 14.42696 -7.52210 -4.54776 -1.90223 4.06245 -0.30237 2.41081 -145.53496 -30.63329 6.15532 9.34742 -1.39937 8.88097 -2.16622 -3.02248 -0.30900 1.54119 44.19221 -70.87697 -40.72837 51.13653 -17.88176 4.64376 -8.16674 -1.62027 2.52207 1.32959
32.00220 35.16110 -26.62015 -11.12492 3.55804 3.21343 0.38642 -1.32347 -0.76200 0.11891 79.04164 6.87070 -12.23943 -14.07995 -0.49762 -1.63409 0.97102 0.02056 -0.14335 0.27886 -17.35393 -16.47792 3.44369 19.40419 3.01378 -1.55216 -2.65929 -0.93302 1.84751 0.96666 -8.30089 37.13947 14.42696 239.84975 -0.07332 -5.48984 4.69615 -1.21724 0.40650 -0.44836 -175.58366 -56.82528 -14.60276 3.14858 3.53104 -2.70047 2.62626 4.27658 0.42145 -0.15397 30.88141 38.59657 -23.43343 12.25123 -5.58461 6.85617 0.37083 2.93593 -0.01344 -1.60979
-35.06621 -2.24604 -4.05479 2.66955 -0.36895 -1.52563 -0.94764 -2.02460 0.11304 -0.39274 -35.93653 5.61697 4.51544 2.66875 -3.72765 1.37380 -0.45982 -0.14881 0.33682 0.01199 -40.46543 28.36239 -17.89066 3.34539 -3.83220 -0.06097 0.62968 0.93176 1.85846 0.51924 12.59256 1.05092 -7.52210 -0.07332 90.88199 1.68449 1.96179 0.20894 -0.88784 -0.46047 41.41137 19.45240 8.95542 -4.27140 4.14247 -0.18646 -1.20770 1.27622 0.31284 -0.55095 -53.36669 41.65798 21.39176 10.88128 4.30745 -4.28253 -2.20669 -1.56052 -0.52602 -0.52305
3.21136 -3.25703 -0.78543 0.03702 0.01019 -0.54913 -0.98801 -0.01354 -0.13582 -0.03389 -48.38865 -7.47786 3.71358 2.48744 0.97022 0.63664 -0.27570 0.19476 -0.04032 0.14908 -8.16286 5.86001 -14.92993 -1.90078 -0.92579 1.81117 -0.28558 -1.13408 -0.70183 -0.05336 13.96665 -26.79486 -4.54776 -5.48984 1.68449 35.72606 1.38284 0.19939 0.07994 0.17379 -55.21979 11.34028 4.17672 -9.97135 0.18841 -1.07186 1.05450 -0.43441 0.58200 -0.10144 27.49809 -1.91195 -11.40207 0.49977 -0.84746 -3.14595 0.95193 -0.73594 -0.87888 0.46109
-20.74341 6.00636 -4.45217 -2.21051 -0.56531 0.00050 -0.08659 -0.27416 0.30584 -0.21407 4.58149 2.82144 2.55433 3.28959 -3.39955 -0.97619 -0.54607 0.17719 0.05132 -0.08691 -1.20760 -8.46900 -0.91788 -3.72984 -3.15788 -0.09703 0.42892 -1.08031 -0.09368 -0.14973 5.42806 12.00218 -1.90223 4.69615 1.96179 1.38284 12.96528 -0.14051 -0.13365 -0.03309 -19.23328 1.64651 1.63405 -1.79537 -1.06121 1.40607 1.55183 0.41023 0.10328 0.25621 13.86180 3.62016 -8.64916 2.07204 3.74690 -0.38042 0.35422 0.84928 -0.05267 0.03757
-0.97209 -5.19364 2.70619 -3.51764 -0.33613 -0.28012 0.19768 0.37830 -0.08478 0.11589 1.68687 1.33523 1.69052 -0.69815 0.13593 0.77419 -0.16691 -0.06855 0.11450 0.11043 -0.25350 3.10825 0.26531 -1.47772 0.24455 0.52961 0.24705 -0.25256 -0.43710 0.12512 10.60315 -6.13709 4.06245 -1.21724 0.20894 0.19939 -0.14051 4.85844 0.11591 0.02444 6.14700 -1.10077 2.50430 -1.86922 -0.83186 0.35155 0.23350 0.12288 -0.06601 -0.08347 2.14436 -11.13331 -5.04216 -2.31041 1.66296 0.48149 0.02664 -0.18959 -0.11892 0.09528
-9.96000 -1.61523 -2.64031 0.49837 -0.26293 -0.16309 -0.13629 0.08085 -0.08911 0.06061 -1.42547 0.15514 -1.95961 -0.71119 -0.34176 0.41588 0.24827 0.17456 -0.11551 -0.03515 -0.18629 8.33510 0.22932 -4.51338 0.50881 -0.27179 -0.11686 -0.10033 -0.07326 -0.08227 -3.27319 -2.26860 -0.30237 0.40650 -0.88784 0.07994 -0.13365 0.11591 2.17730 -0.09579 14.40080 4.25739 -1.22087 0.90947 1.65698 -0.44582 -0.13014 -0.16614 0.09514 -0.07368 -22.97952 -3.79228 -3.45064 1.11593 -0.53656 -0.55012 -0.14725 0.32706 0.01332 0.07348
-0.29478 0.49182 -0.07105 -0.32674 0.55161 0.39837 -0.15265 0.07069 -0.14002 0.01921 4.23605 -1.13527 1.62086 -0.67617 -0.31305 -0.21851 0.35312 0.04616 -0.02355 0.00707 6.03272 1.64402 2.64891 -0.16467 -0.20872 -0.05554 -0.44980 0.17662 -0.12198 0.08747 -1.81668 0.96421 2.41081 -0.44836 -0.46047 0.17379 -0.03309 0.02444 -0.09579 0.95936 6.31786 3.51560 -0.65289 0.93953 0.12045 -0.12395 -0.39223 -0.25273 -0.22121 -0.11347 5.37617 -4.92925 0.48447 0.22507 0.22835 0.11171 0.36729 -0.01338 0.01713 -0.09442
541.20681 -171.36946 -67.11475 97.86780 -52.22927 -27.58599 34.30718 10.70232 -7.04183 3.38461 -82.37301 -169.32812 173.87302 -52.40986 -13.55890 -37.07321 -10.66921 10.39708 8.01878 -2.46731 -4.05428 389.65587 226.31337 -63.64386 34.52026 -46.44457 33.63845 -21.75590 3.16168 -8.98039 -60.15803 -99.41682 -145.53496 -175.58366 41.41137 -55.21979 -19.23328 6.14700 14.40080 6.31786 13125.24771 244.41770 -102.27396 33.23426 58.38366 -26.15856 -0.94384 2.90376 -7.76026 11.46180 1009.86015 -508.16525 -115.36302 -110.25308 10.02847 -23.04441 -46.76591 -40.27309 20.85521 -0.54856
155.69978 75.33920 -42.72251 -54.48131 8.03152 1.17619 -5.25193 -5.46498 0.91200 -1.06658 -38.64765 -55.06186 -9.81121 55.98106 3.76612 0.70852 -1.26295 -1.38636 4.50288 -1.58367 60.32762 -71.11399 57.92166 -65.51925 -25.65292 13.00501 -11.45120 -6.56110 -3.28601 0.54517 -274.89127 -51.41642 -30.63329 -56.82528 19.45240 11.34028 1.64651 -1.10077 4.25739 3.51560 244.41770 2205.18351 37.78644 46.20188 -10.72957 -11.69299 -8.56383 4.47386 -5.57954 -4.70574 -61.92321 141.88903 7.66331 71.34032 9.14208 -11.77917 -0.73865 -11.39570 1.23322 6.76514
-39.95136 48.61686 12.72120 -10.91029 -4.15912 3.78894 3.62872 -3.30003 1.34416 0.53509 -113.80072 20.20806 39.23456 9.31513 11.47884 5.91827 -3.22853 2.03751 0.98063 -1.37368 -62.48945 -62.29132 -39.97062 -11.48575 -10.60411 13.53920 3.85270 -0.14059 -1.07384 -1.24519 276.64545 -107.64341 6.15532 -14.60276 8.95542 4.17672 1.63405 2.50430 -1.22087 -0.65289 -102.27396 37.78644 784.30635 32.71723 -27.79905 1.86565 0.14847 -3.64106 1.67031 1.97127 319.48855 -118.89090 41.65122 -40.53647 15.74108 -9.72767 4.46016 5.18210 2.44166 1.81169
103.20983 -6.44189 -7.82241 9.83536 -7.29663 5.14435 0.73610 0.59003 1.07469 0.69501 81.60684 17.06395 19.56342 -25.26297 0.41039 2.69930 -7.11222 -0.01494 -0.59851 -0.61542 171.74373 35.03513 -2.64107 15.56936 -2.23201 2.19386 2.61068 0.83230 -0.58613 -0.55505 -127.60018 -118.00769 9.34742 3.14858 -4.27140 -9.97135 -1.79537 -1.86922 0.90947 0.93953 33.23426 46.20188 32.71723 330.82143 -5.02748 8.34599 -4.09906 -1.43680 1.17411 -0.56954 80.01776 106.78694 13.23654 -1.92261 10.60277 -0.22046 -3.45356 -1.83377 -0.26484 -1.06352
5.76917 7.57799 -11.25543 6.70249 -1.26141 -1.06094 -0.59150 1.45067 -0.14032 -0.70182 -11.10892 -3.99687 -0.64788 4.68750 -1.95078 -0.27983 0.65303 -0.73601 -0.14668 0.08184 -48.89267 30.34692 -18.80996 -1.98302 -3.98150 -0.58858 -1.10197 0.16342 -0.22104 -0.35978 44.22084 -1.57556 -1.39937 3.53104 4.14247 0.18841 -1.06121 -0.83186 1.65698 0.12045 58.38366 -10.72957 -27.79905 -5.02748 119.64587 1.56051 4.32309 -1.93631 0.07737 0.10409 14.14329 54.83072 -34.66122 -3.85516 -10.25178 -0.64069 -3.43302 -1.19621 0.79846 -1.17570
30.72845 14.96853 -0.52707 -3.28988 0.92401 2.09122 0.11023 -0.92887 0.37906 -0.02483 -1.01965 -12.56020 3.57612 0.78544 -1.17466 0.63529 0.46377 -0.34389 -0.24790 0.05714 -5.71004 6.85496 4.61969 4.75179 3.37546 -0.06060 1.27985 -0.03740 0.07854 -0.55402 0.08321 -18.17334 8.88097 -2.70047 -0.18646 -1.07186 1.40607 0.35155 -0.44582 -0.12395 -26.15856 -11.69299 1.86565 8.34599 1.56051 41.17748 0.89039 0.28407 -0.30319 0.48857 70.27727 -6.49754 7.31668 -1.51329 -3.15778 -1.09642 1.56033 -0.34150 -0.03429 -0.54763
3.74792 2.87205 -0.01808 2.91842 0.71813 -0.60575 -0.29099 0.06606 0.30165 0.02872 -27.84611 -7.84136 1.82728 2.68724 -2.77410 0.86940 -0.89591 -0.65064 0.54327 0.15111 7.27837 13.60966 -0.99299 2.50261 0.95845 -0.15572 1.38104 -0.22635 0.58178 0.34657 1.65755 -4.74597 -2.16622 2.62626 -1.20770 1.05450 1.55183 0.23350 -0.13014 -0.39223 -0.94384 -8.56383 0.14847 -4.09906 4.32309 0.89039 15.44629 -0.87213 0.38196 0.82839 7.29838 3.82711 -14.12520 3.62349 -2.97043 0.13693 -0.22847 0.44309 0.99954 -0.31255
-11.23842 -0.48125 0.99318 -0.25911 -0.63851 0.67235 0.02246 -0.09497 -0.09129 0.01634 -1.84592 -4.13164 -0.83522 -2.01124 -0.21287 0.48505 0.48894 -0.07699 -0.10246 -0.14322 -7.81512 -6.15799 3.13670 -1.62765 0.37371 -0.29560 -0.05708 0.05717 0.08764 0.06347 -13.33480 -5.43002 -3.02248 4.27658 1.27622 -0.43441 0.41023 0.12288 -0.16614 -0.25273 2.90376 4.47386 -3.64106 -1.43680 -1.93631 0.28407 -0.87213 6.93257 0.29544 -0.14493 -48.21933 1.20751 -4.24750 0.78656 2.14700 0.22130 -1.63197 0.60132 -0.13769 -0.00113
-2.62653 0.50852 2.06549 1.23515 -0.05563 -0.37139 0.09638 -0.03204 0.00698 0.01805 -4.29856 2.68894 -0.97717 -1.18745 0.37539 -0.61748 0.08122 -0.09158 0.05200 0.09329 -3.96622 4.81324 -1.36486 -1.89855 0.86560 0.50333 0.01817 -0.12282 -0.07877 -0.04365 12.40979 3.00695 -0.30900 0.42145 0.31284 0.58200 0.10328 -0.06601 0.09514 -0.22121 -7.76026 -5.57954 1.67031 1.17411 0.07737 -0.30319 0.38196 0.29544 2.32206 0.04884 8.98143 5.41243 -2.31939 0.54937 0.61777 0.15119 0.45515 0.07837 -0.07723 -0.06678
0.71810 0.57049 1.65552 -0.13877 0.54589 0.10404 0.19917 0.05433 0.00292 -0.02424 3.94043 -2.18515 0.47877 0.79257 -0.00794 0.09357 -0.07101 -0.09650 0.15230 0.02269 -2.40117 -1.54281 -2.89586 0.94142 1.36862 0.01287 -0.33489 0.06267 0.01175 0.02375 4.40952 1.69417 1.54119 -0.15397 -0.55095 -0.10144 0.25621 -0.08347 -0.07368 -0.11347 11.46180 -4.70574 1.97127 -0.56954 0.10409 0.48857 0.82839 -0.14493 0.04884 1.18490 -4.31767 -5.03730 -1.50344 -1.70029 0.13075 0.55137 -0.05292 -0.15548 -0.15996 -0.01019
618.60766 2.13014 -206.02949 61.69737 -0.63840 -10.34285 9.28832 2.78305 11.71377 -4.08760 -805.08771 58.22005 127.07498 38.67655 -17.73742 6.11843 5.40823 14.22449 1.49917 -3.23263 411.91128 -40.61553 -205.08977 149.02517 25.96184 88.84252 -22.88063 23.99292 -3.29085 7.39792 551.74339 -178.81029 44.19221 30.88141 -53.36669 27.49809 13.86180 2.14436 -22.97952 5.37617 1009.86015 -61.92321 319.48855 80.01776 14.14329 70.27727 7.29838 -48.21933 8.98143 -4.31767 22286.94319 782.07931 215.87321 84.03185 100.48888 4.65270 55.77519 -19.65020 3.12013 1.90415
144.49424 -148.23473 -82.34832 -9.42210 -7.10622 -2.16864 -10.19181 -4.40972 -0.92925 -3.44759 -139.25458 13.85604 -116.71698 4.02493 11.39927 7.03600 -20.69550 3.34175 -2.42553 0.14033 4.84939 147.48765 -86.58080 52.86218 -12.03975 -7.86515 5.06149 -4.21382 7.46929 2.01110 -203.25251 -68.17252 -70.87697 38.59657 41.65798 -1.91195 3.62016 -11.13331 -3.79228 -4.92925 -508.16525 141.88903 -118.89090 106.78694 54.83072 -6.49754 3.82711 1.20751 5.41243 -5.03730 782.07931 3267.39482 -35.77161 28.83516 33.62468 -9.70627 -12.35305 3.62653 5.05545 -1.21312
35.10755 2.70526 -71.10754 1.30372 4.12146 -13.47128 3.71781 0.54905 -1.84285 1.14379 -153.50777 56.20155 -16.02797 4.26096 -27.08010 -12.08552 9.57564 3.90519 -1.11402 -0.30584 -228.46142 85.52187 3.27643 54.42890 -19.74698 -4.43751 -8.19799 -0.72518 3.41704 1.89930 -219.64939 56.23276 -40.72837 -23.43343 21.39176 -11.40207 -8.64916 -5.04216 -3.45064 0.48447 -115.36302 7.66331 41.65122 13.23654 -34.66122 7.31668 -14.12520 -4.24750 -2.31939 -1.50344 215.87321 -35.77161 992.36477 -33.97628 22.50245 -15.31211 -6.46370 -3.84624 -0.63096 -1.92765
-8.69340 0.44416 -30.95587 -0.30959 -8.59776 3.25448 -1.74570 -2.18818 -1.39280 -0.15802 -6.94913 -14.04399 12.77466 -3.39236 3.46527 10.78101 1.01972 0.98223 -0.06561 0.84206 -44.11755 3.19364 30.31278 4.20057 3.61351 -4.21779 1.65237 -2.84532 2.96080 -1.79120 -34.61178 11.25819 51.13653 12.25123 10.88128 0.49977 2.07204 -2.31041 1.11593 0.22507 -110.25308 71.34032 -40.53647 -1.92261 -3.85516 -1.51329 3.62349 0.78656 0.54937 -1.70029 84.03185 28.83516 -33.97628 372.37950 -11.99139 -4.72193 -6.50397 -1.81398 3.74874 -0.33498
46.24945 13.99055 -7.21029 -1.03674 -8.44453 -7.83973 0.07558 -1.19073 0.08386 0.06766 -10.43002 -4.87222 -9.69376 -16.05737 10.75925 1.79961 -0.16114 0.44962 -0.32942 0.40947 22.23285 3.73282 -21.56025 11.04898 -6.38378 -0.15749 -2.09381 -0.59595 -2.08181 0.65153 70.70297 22.40736 -17.88176 -5.58461 4.30745 -0.84746 3.74690 1.66296 -0.53656 0.22835 10.02847 9.14208 15.74108 10.60277 -10.25178 -3.15778 -2.97043 2.14700 0.61777 0.13075 100.48888 33.62468 22.50245 -11.99139 151.46450 2.40322 -0.67382 0.87276 -1.45018 -1.23032
42.78620 -2.21014 3.80153 -2.91959 0.67548 -2.25929 2.99673 -0.27801 0.00246 -0.42364 49.34144 -6.70889 -8.97968 -3.72115 -1.07586 0.90628 0.44510 -1.32193 -0.88569 0.62752 12.45072 -28.85731 0.33826 -5.75901 6.62419 0.05232 -0.40794 0.51619 -0.70234 -0.25544 29.96087 4.82931 4.64376 6.85617 -4.28253 -3.14595 -0.38042 0.48149 -0.55012 0.11171 -23.04441 -11.77917 -9.72767 -0.22046 -0.64069 -1.09642 0.13693 0.22130 0.15119 0.55137 4.65270 -9.70627 -15.31211 -4.72193 2.40322 54.66627 -1.34638 0.25344 1.07216 0.34147
8.84150 2.58817 4.72582 -0.90256 0.71064 1.53837 1.37686 0.12620 0.35608 0.17372 -17.79793 12.75396 -7.21740 -1.06628 1.85508 0.19023 -0.08020 -0.39570 -0.29254 -0.16783 -67.08680 -8.31227 -0.61638 -1.17925 -0.16871 0.35220 -0.20369 -0.40390 -0.30301 0.01297 -49.53827 17.47501 -8.16674 0.37083 -2.20669 0.95193 0.35422 0.02664 -0.14725 0.36729 -46.76591 -0.73865 4.46016 -3.45356 -3.43302 1.56033 -0.22847 -1.63197 0.45515 -0.05292 55.77519 -12.35305 -6.46370 -6.50397 -0.67382 -1.34638 20.30666 -0.82195 -0.76108 0.13645
-12.74145 3.49043 -4.58454 -1.60901 1.33535 -0.16780 0.69263 -0.20645 -0.10495 0.01884 -0.15255 3.92293 -3.06308 -0.86225 -0.57168 -0.17098 -0.11651 0.21370 -0.17280 -0.18896 4.80276 5.54618 -0.69910 -5.42821 -0.60275 -0.91135 1.03884 0.01028 0.05074 0.04320 3.93489 -4.16369 -1.62027 2.93593 -1.56052 -0.73594 0.84928 -0.18959 0.32706 -0.01338 -40.27309 -11.39570 5.18210 -1.83377 -1.19621 -0.34150 0.44309 0.60132 0.07837 -0.15548 -19.65020 3.62653 -3.84624 -1.81398 0.87276 0.25344 -0.82195 8.39618 0.60362 0.06247
7.58895 5.14477 -1.97643 1.61328 0.09263 0.76651 -0.14359 0.16186 -0.08134 0.12844 -8.21211 -1.33067 2.55493 0.49769 0.23702 -0.41915 -0.04316 0.18089 0.06066 0.08049 -2.89410 -1.38668 3.43540 -2.55496 -0.58099 -1.59445 0.17789 0.08653 0.05306 0.03109 -9.09931 1.97450 2.52207 -0.01344 -0.52602 -0.87888 -0.05267 -0.11892 0.01332 0.01713 20.85521 1.23322 2.44166 -0.26484 0.79846 -0.03429 0.99954 -0.13769 -0.07723 -0.15996 3.12013 5.05545 -0.63096 3.74874 -1.45018 1.07216 -0.76108 0.60362 3.61837 0.00281
-0.98015 1.48878 0.55067 -0.54146 0.34981 0.01203 -0.34047 0.12997 0.05368 0.07315 1.16840 -0.06480 0.66698 1.08431 0.67442 0.32004 0.02063 -0.10997 0.08177 0.01171 -2.69195 -1.13649 0.30870 -2.21213 1.51006 -0.13764 0.40067 0.23545 0.07195 -0.00811 5.40709 -4.36084 1.32959 -1.60979 -0.52305 0.46109 0.03757 0.09528 0.07348 -0.09442 -0.54856 6.76514 1.81169 -1.06352 -1.17570 -0.54763 -0.31255 -0.00113 -0.06678 -0.01019 1.90415 -1.21312 -1.92765 -0.33498 -1.23032 0.34147 0.13645 0.06247 0.00281 1.49447
